8 2
1 1 -0.3077356515001447
1 2 0.9514718959568808
2 1 0.9514718959568809
2 2 0.3077356515001448
1 3 0.19196431244288442
2 4 0.06325081192888056
3 3 0.69325655180141
3 4 0.7206908861532937
4 3 0.7206908861532936
4 4 -0.69325655180141
3 5 0.195186007352928
4 6 0.22362062226086413
3 1 0.16532019381180782
3 2 0.0914261892804455
4 2 0.10733085325667471
5 5 0.9515772162235718
5 6 -0.3074098267202891
6 5 0.30740982672028905
6 6 0.9515772162235719
5 7 0.26949930167621833
6 8 0.2127943249089948
5 3 0.17735677585693
5 4 0.10845400606135905
6 4 0.11445613878938937
7 7 0.8151023614727216
7 8 0.5793169601535872
8 7 -0.579316960153587
8 8 0.8151023614727215
7 5 0.16437215298349786
7 6 0.1880971085591762
8 6 0.215789429679702
